8 363 w 3000
3 962 d 9000
1 810 w 8000
3 223 w 3000
8 904 d 4000
2 784 d 5000
4 118 d 8000
6 558 d 2000
2 807 d 8000
2 214 d 3000
10 905 w 3000
3 471 w 6000
4 653 d 3000
5 791 w 5000
9 207 w 1000
7 129 d 2000
3 724 w 1000
9 748 d 2000
9 911 d 9000
6 855 d 6000
1 947 w 5000
10 282 w 9000
7 344 d 5000
7 767 d 2000
4 743 w 5000
2 724 w 8000
4 514 d 2000
8 670 w 6000
6 446 d 5000
6 319 w 4000
5 903 w 8000
10 325 d 5000
5 355 w 3000
7 648 d 2000
6 806 w 7000
7 740 w 8000
4 667 d 2000
6 452 w 4000
4 722 w 4000
2 236 d 4000
4 187 w 4000
7 890 d 6000
9 278 d 2000
4 617 d 5000
6 943 w 5000
4 839 d 7000
10 170 w 9000
6 967 d 1000
10 314 d 1000
3 101 d 6000
5 465 w 8000
4 408 d 4000
5 507 d 2000
5 305 d 8000
7 583 d 3000
8 611 d 6000
3 513 w 8000
9 281 d 5000
3 682 w 7000
3 111 w 8000
1 878 d 3000
2 771 d 6000
1 158 w 2000
10 762 w 6000
4 471 w 5000
1 152 d 7000
1 241 d 8000
9 236 w 5000
4 460 d 2000
8 508 w 3000
3 857 d 4000
6 960 w 5000
8 888 w 6000
9 514 d 1000
2 205 w 5000
1 710 d 2000
1 461 d 1000
5 406 d 9000
10 216 d 4000
9 230 d 4000
7 950 w 6000
10 271 w 3000
3 118 w 1000
4 366 d 8000
2 179 d 1000
10 676 d 9000
5 217 d 4000
10 387 w 5000
10 185 d 5000
5 139 d 8000
2 165 w 5000
3 185 d 2000
10 542 d 6000
3 154 d 6000
7 754 d 6000
3 176 w 6000
10 308 d 1000
10 514 w 2000
5 593 w 8000
3 109 w 4000
